141256142561254135345126412356
413535451565125454614326432153426
36125123125152564125365413612345
4646534263163145412535621435
343142465145161464512145325641
6264341636415462154261362352146
1535342363543461465142352623145
536524536315461524526165413645231
1241352351241261635234126354261345
2543156324325234136513424653124
453416432345645364261431256
364542324214653163415656341213645
2636532152641651245635136421536
25326145212532635314264314621453
2621515161536162541243561365421356
54346256363425643126345123456
24642365126565416421534656243156
35631612563646264154365145635124
4135363152351454163645132463215
6126431524364361436241264531246
15646436123416526156426346512436
4142454143251541346235634124536124
35354134243234634542561265246135
5163124542623615423621526413213546
46232361454653216462564321643125
6315656316525623152631421635124
141313146562415216451642531246
52632343263512341546253621346215
51215456142165424564261531264135
51236523124156164215431521536245
354563131421352413612652316245
6161363146452524121456314621456123
513242541241426165124261234624315
42456345325651365236136214352136
2346353261635324135234651321456
36424353241652356154653123563412
12653543436524354636243135412356
1616121234646154134516253456123
131342153124231432165315234156
6515316463413254656542542635146235
3261265435325643154235125641532
3513451325431561435631652315246
636241434346125423623614356123456
54621363156121315625645326152345
236461261464526431564653146251346
54365432545351563265431562463215
131563145346316342163216532146
2542634532541264153632154621345
6323432414126512325465312512162345
51525615416314241265234126453
1234261231462465645241435132415236
2464261546146451243562543212456
64625415643653213536245321642315
4263526352426414362464162453126
3131415462125461534214526342156
462515243651524534125436412356
5165354264512616246313426153642
323213451614212354236561321431256
2135136354126421643614523125461235
365165251621346541645263413245126
562135165464265236435154612345
5652352425136362531436526421523164
64132641263152631623162545316512346
23142126426526413463162526312456
62431415415123156154653163243614235
36314265423451452634542631251436
621416353215354234213264235341265
2351256534216346253214613256413
424245643136252146431562315246
356425614342612153516431432456
5345465236123526513543641531426
231642462361546234512462463543126
562124656312151365612654631234156
3215243635243632531253614612536
5364263165643142456256423512436
63532452352654365231526341521346
531456435135214325624623152436
35641532631652513653431263215346
1641543526453616515263451623415
43521412341542316456342536216523146
564265635213613515242365236134256
4645454232323641462541263461562314
23653636141641343235145261345
32353523432416234135423645164325
42136123414123462364516524135246
452423254252656325613246356142136
46263654653431425415623541364125
432621426265261432425634531642135
342123616124363154314361451263145
34653612164526354346456242136231456
15361534651621364315351645312513246
152423151343651462453625324156234
321251563541516523462413546312456
135153623624121541342135614251346
5324341251262163145435136214356
25414253431563456243651523625413
32562321623456165164312461524136
156546315215312315362151462531246
13123642653426423431365216354643125
2142361614324526453613612523451236
263141643261421632615126362631425
535136323121356434614152452613245
154142153531456253462562542156234
3531561235654521452352163541213546
42452515121643536251351432645213
42563464653161423614623461352142356
2623156562124346246135236234613245
453253414535214312465412645314256
323141623141434265125462463125
54125613545632654351235354614523
142132516121354136264212314526
5623414262546531642614531246
341465343541354646356136214631245
2641621435413532143621523412356
4532432561651532645615361461531246
62625323252164213421635432541236
564313123523523132516241463231542136
6413234256213246436524132614253
1525313625163154252465413243146235
532614162153416253625216324156
461524642145242612416345124136
65351626421231324251563642561324
1253231451563431654153214561342
415243453646416514262546341242356
64312143462654126425615323524136
5414615324254142634263425143256
32634134126452321452314326451236
314126246141314613142416531456124356
526153452415646521623651324156
151414261236154354156163451326145
543451325254564125463243214632514
1264151461236435421346145163245
431454364514265162314165421346
14123436241236156212451365412356
231534231512345123512615623142536
143123456121231354164513425324561
2654561414165314254135643413265314
6535136531431634263513462631245
1536342524153653425416524532156
12531614542653462514132513412356
4156425416462342626214532412614235
6452162414151625463265362542156123
43463143465123436123524163251346
426536252163564354126431652316425
21515341463545614625134236253412536
641414234635412354254136246123456
45162514561524543265341656324
12526321265132536542362413453612
4142163245142425345245621463125
25163645434231526351435236342315
1524141456316354154216415362512364
13643142512451641532653624354216
532514343415453214215362564124356
414515636236525615612536514236
532612526163454312653125361425
421534512513434635612314651324156
31512423563152564512564521621345
4125625323434512346243613563124356
3412514231364623431614265312456
3265421415262151362164352465231
463614156324361342163543512346
35235261613412625123635416342156
6246352362354364526316425316
1646145315432342521353253415623415
52452363263524135342465462156234
45651461254254324145324163512346
24242351326562164364625136253124356
1523534623435641612352536162435126
523624625134564251343126435
2312451416523231453654263546531246
2415415152631625241563512635641325
4642121614213624652146531432156
21312634532124156341634256324615
24362164561625234231631265413562
314646532135214531326534162435146
54615652312641432546245314523146
414616431452653216454235142536
6123236415232654164325413421356
163646325463564256534563561245136
43462524653541536145361526314
4354213236425436512456123456321
415354162135342325123641536245316
62424136465412651245612362431256
1645126434516346532164356245613
323465616232456513463453621432615
625461261253412461523512645261345
6512651534621652312615634236514
64341516451421324632145621346352
636251642314165315245653136524613
234523513634154352642135624135
312542453431432563614125146235
4313424312646152314635321421356
43232352363213131651324535623145
232354126521214531246314263145
4543624612164265261342354615324
41236241312541524361453621352146
315141414325431531262345631251346
3616435313461414563521345162435162
32126414142414651234536524132456
5236142412132126523543561246153
13646561356456321526154264126345
4153536534314326136415435253612345
1654236143243153245253143653214356
314312431654213524231251342356
123653242121254324362614652134
535356232456423541235146254136
132515641526541656416531412356
125146326351546245213526516342
3454365141531542314631542621513426
612435632435643215614532412631245
5263135216453463214356316536523164
436454231513542321536234623145
632136316252315436423651425124356
415425651342361531264365213456
612326513215262451634132513542136
23232634246362654326151342613245
625343134261543124364125345126
42456436126316532615241235641235
4246152135261431263425142356
5215361463645321561523235163245
6434154541245132141524312563412
6154563516456253245423124256341256
31623412652356414653235621563124
6546413241623541323615462143516423
5353534362316416431252153243156
13264613562613456521364265312456
46463656454512415263423254623516324
4246346353126543561326531425136
5216353631513642561243563156234
131561356346325651423651432156
6525654362342634232451424325416
1432343251352432623531463421536
45265253134365165243561542136
16154262463532531523463531264315
6412464163645323653452312645
1251565153432356431624541231653214
154126432651635453215364135246
1215361632412141326152321562413
531624153453645635345265214263145
4261615463612623563154632153426
6431326531315656354135462431541632
5351625162415132562145231252612345
421213435436143254236531254163425
314653412346265615423163154362451
3243154246152621534653254314265
613462121645632624231354236132456
214153643265465163462415346152
2464561561241354245312654361245
315251432564162154652356145321456
32131464351625131546321545235614
634264125356342561343621465213
6361326163265625315623163124536
6164512151526245316251624513461235
65453146412356315236421532614
361543254236215246465145253163245
343264231524361246256435124265134
53132324165324213621246543256143
2124254561425154531615643652134526
1341423256356231325653216413526
31251256521531625145362314625
3652312452363123465314625314265
5121251321421346321516541263412536
2534524213161534615436256423156
634643532316143526354634124356
61462653451456531423542652365214
4264343426235651231425423162453
241626541243636165321213452435621345
231652645214342636315315426152634
6532621323154342653143654132456
16435142325132425342641263124356
14325654365154132634561253421356
325231541531634156246351623145
3461264143634632615416325132546
532542645215236126215162163514256314
631341354536532614516435123456
3141261531623456235416354162354
4132643412534253524132612345215436
41542341532453436235465423136245
623513414514545163465615324156
254262434325161563154626415243156
5364532132521563614235361526435216
3514256516361325345346156425346215
1654531636426141326142163145621534
51562626341363463542613625635142
43251315343531564315435261545362
532631465213624531252462132516234
265124614563256125123641562134
1236315615324162512634165241356
52521231241624534216512341256
16325254165364351231426431236145
641564264365436142151361465321456
2123523526524131426316434532621543
6535615412451246215431412456312456
362464516521365434526146132546
423154134153451232651345652145623
4624246152652365631423153426
61362514525156423461354635241356
213532161412364213541236431252146
1616416165245214561231246513621345
251462643541523125436253456152346
52424156153142315621346512345
161342621325621435426513641235
13616435234215653264134526162435
21425412534543631254613543214356
1312614131216562145326546125346
2535613623562632415461351462315
241364265214524265231436523152346
3132413432364313625124625651623415
2126512452342613545351346235146
636346243536251416543651413524136
151353143261241341462346531246
32654253124516421215423256312461235
46243613521545365142613125641235
4216135315256246234132634126534
26121546256534246134613526416523
123123252361321656324162345
2646531541564512513263545623145
5362415131421524613521234516234
46412642363461324231645261413256
25121616232623246123421634152346
43462625645162525315342145623
5261535634564145246532164251346
424623632364652563652431561321456
54656325263435423645261324516234
1631543541651315364251236162531426
62616352631521621642342562543126
56431541426251232631416523412356
532134235124365135464541623514
346152123263451625126134262315642
43141252461461365352436413452136
131461624614641324363416532456213
1241245125326136536415234156
645425153563563513216354632165234
42461256254263125165213614536214
231513621325654621356354612345
613631341631352162136146524136
4546213421364243521623541652134
5456161262436465121643254124536
51635245134236432634135265141235
34326151256314643512631562412356
15632421431421563241342564213
5263412362643562341542641631425
53565262154346243453152465123456
6424641652423241342362153415236
2546514526421351642564562145213546
23121526252313243421635421356
2652462326451413625234261326431526
3413454165242535124316342531246
6351243654623413643251653243516
1215312164524125415615421434521436
32423435414253615431521364125
134321461535646354235461364125
564616363265214513645254635124
3416353235156126435234615241356
1432541634264134625163123465435612
564234231436254162361562342156
241463453562563613643154624312456
612564315412621353416231435216345
32326562164531526352436425136
5326565312625315456234212351256134
4561526515435416514523461415236
1421353256235364346253254315653124
24136413425132613461564231456123
6134562525612351624512163451236
34354534236156145641652314312546
53135463263621415245362163461352
532546145134312456235364263145326
564525164621252614364523426135
641424515646326124524642136564123456
4165234212462321526546451351462135
342523516463632521623146541236
26142125631432652163126412342156
325312143242635234534516324351246
36262353451532421563456423651246
621231452531623643261463521436
4531412131245414634625345623451
121565415631651465145613413625413
4653132515461523564213541314125364
5464656235636541564234161456213
4214515453135421645456235421356
4315123413564141634245345613451326
132146312421632512362425634126
53425325361546456345143526312456
3121651624563562431514326456123
5453512416421432435214265325416
16124612152436214613563164123546
254543435356121231631613246153462
346242315461264312414652613245
546436434163642156412326415342156
6541215356346126532432126234156
3136451645143465145231653426135
46241242624643624625342164352
14542641453213464265164152342516
515313413425632536532143652314
134143231432452312531645263156324
23421456125463256126135641235
2461423252154654163124362152346
63613524345641654215326425143562
62121562536132153463526451264513
514232435424636524361341654315624
464352641242654251624145326541236
3464264325125326124165432623514
432536462132636523126563142536413526
414152643524545354634132614235
31654626364312351421542615231456
34616535632454634564235132654123
462164216156253165341254325164235
545414356125315345461263512346
346413243523423542653464532146325
526512612132512462415431561423516
6215251513536451452316465312356124
41525461545415324324513135243156
53535262534145216254165361245136
5143513453154123624624563214356
261531461325265346125243152431256
341454646231465263154234516451236
463463534614264616543152615631425
16563431265124642565361532641235
46364256451216231623145346345126
16545341525412431254234521413514623
235431361416264514516352341526
254535454546513516356415362134526
65652365243641536135626316345
4615432142613543261341265341256
254146216251615434256431256123546
43452425126141231414316321453216
51452431532423516342165351256134
4146212354265621542351216143256
513242542653154216356312365124
64156216353262125612432653426135
354561341534143153123543265416325
1262343536213162354231243524613524
2151434646412614352132564123
51513435632534632642315254631245
63626524561536451423161215431625
6515243616125362134564312615241635
646346124523254324163524521346
25154254354213652642125431256124
35415653256265634154132543613523456
2654651232161514356143254163425
621623251641245151365214615234
2454343514252562642541514653214536
5125435356323641564163624513246
2435256154564125245216542613542136
4231653156462142561465362543612435
43241524561531261536523421613245
43452351534341563263251345236124635
346356342363256431523465342562413
312364214256254264523614256314
2462621351214623123426513241356
542125645141261421316432614562134
23626536465363525134165132514653124
13464162312431534253624536124356
234156542563126342151643153461235
26252316325314342631256421463125
63654352163145213461435254136
123141213141414351654563452142356
63514265265123631532613563123546
2132451452616465345324654132546
1641636352153263423146341561351246
52541235161432543624321563562341
32431613435453543523426415361245
3256141323616454651432135631245
564632146143563216153452513412356
316313546132521345214265426531624
61452431356424341523415634351462
3431525321632425365142562314
4543513625153421426135346231461235
45256165625142524134542346142356
314124641316236352162353635124
3564631524531425146125364251312456
65124654154136425316451261435
1435235616216243615643512461345
2141316523543536352356312536241
315651426531645236125325451236
246363134624612325642145134265341
3643236521541526341562431531246
52514264616242154251352164231456
262623643541314624312432351643215
1263546536515452435416315216345
13642352634623435131234654162354
521626234121536524134253652461325
61632532646235343125362451263415
131325135435342123546261436245231456
35246452642541645614524361623145
1656234232165231256361234563412356
54362631532421541456431563245213465
5145362562156324531232631412451362
53421524163645134561352153145362
65432432656246515623436341563214
2513215341462563263524561315642
25434231464621415343152631421356
32326325131565421653265132432156
15323456536254234652154124135246
426135631561365614256142321546
652154563232164546232546134632451
2546146512645612312453613421356
3134612354243436253623462456316245
3542515241632351643165346154653214
32452453262316536134126153432516
516123642142314641352645342156
51423135213645163645342643561234
56456353243651653621452463254316
1361343145426524635462532152436
41314513143132545625325321435461523
23656165165131546536412316431256
543615251261654314513256123613542
563451413452512642514621523613245
2154564143532352431263615643512346
142545345635615261453415324643512
13561241216532636152156451236
41216165345354215365124643514236
316451312414232154253164253124356
416343263532143465323613241625314
56535463164251345342536126324156
2156141646521513415635431251346
5121642341541621235423625162345
65361434231263256124526352146
43534145632613612543215634156423
5426153643134251245632651463215
43123652141232352451236254321456
25641416354364516451354236152436
34143523435234615234623531253614
31424151251513462513542351436125
16546343154252156326426123654213
41643143546214316341232415361245
245313545646412135464324635163452
21516525235142413645362135412645312
35645345153656352465314523621435
6135612464215316423613245123456
62313121642432352132613251351645123
642363412543163612423516426135
21523541365214361216412542316
6316313463523612352143615246315
25631352314524312541563124561234
425315616353236152146521354612514236
641462353423542561534651632642135
341625343542646353454256431536124
53526156213456152416156416235
2412163236451423641323654312456
1432131361421326515234162561234
252351231312541564365415312456
35412651351642364265161341256
315216326561264246342135142356
13123241646246341413256153265134
2615364641243152463126423165435216
462141632121534562432631562435126
52632412525412514353564652154153246
6253616541634326423414325362145
3642432426312626243251364235416
63545645121341635261436425162345
56245453465451362146125143264135
4656513421462521354232656453246135
432465643125461236164243561451236
24354132541641526361231536423156
5252152546164624513456341621345
4523636345143132546541364125
2653654354265141651452346512634
646461363162641235314652453213456
3613654645124134523642351342516
5653621236415634216514135234156
5134146161351251624163451645215346
562512642624623516451431413642315
1564346435636561231642315261345
2326254134641635453234135431562134
32123536434352656154623541624153426
36145452414523463624314265243561
265236312145134635431546124132456
53523641451312534364124654342156
23515614623564256256324361524564231
32652531316545246243526512314256
56161434516545624316354163245
34123432524362524135212612432156
23145212632545341265432651421356
1513141634515231214315342513624135
2324245364654346124616532412536
654152165253152314365164512346
53165416135252413634261345264315
342646342164135256135216132465
541321643153641234125432546134256
461521546561426164152346514236
124345624356263452534626153421356
526436136421231256323145641256134
34523453563231616536252134526314
563143412516354345631625623415236
2436352616123514612435261521463
3564134645363516453254356124542136
265314214234512435416246312456
4151624651213646312634561341256
321456452324135465642631245136
3624614325463131231425613241356
142326454326253421354163241365412
152164234312435215162425612345
6423512645652314512653216416532
425343416356542643542521612532146
63653454641562516361526436125364
42364532435351562321643541623
4325246241563653241362132451236
315163126154234563261453612435
1546353156416412412651325614654123
1635156346452363142513415245163
2464621215614356123523462314562413
425632424123264523143614213546
316145646346542543563461652436
1214624516323545123625316235642135
5325216156342316314234565231246
56423126362563614132163564513426
315431514315416431362154342156234
2514515124526232326425362531451236
4162342642126164341521536461543612
626135345316215436136421651234
651343415634231542541653421356
15651324134146526152454314215346
35312154512625136531365164324516
51614635434353512314563461254136
353152632154151412612546352154236
631626145634513464536132314652134
134646541253213645313523164214563
34253632164216526212343156234156
213161513254631534532135462154236
2621513263416315214536521412356
523143561246141465315621354126
626353631256341612564236123456
4645453424313526461636421623145
3134152135162165364563621513246
16124652656124643526151264125463
1342151652561636524135436251346
43253165323142514241362435126
56365415356146536341426512432615
2346416414261432464565126425136
36216525465236564124613426351246
43534535361542132432562415362415
2465123532616361563412136125462315
25141612324632153561524163451624
5432656241315143654153165421356
4323462563521321353631426351246
31413431461463235124153623145
24135352425236521256352436251346
21453412136152361563523123653412
462462436432145213564213456
26425156141523143613124156325124356
523252151256516435243524312351624
164313142146142164362343254362145
416252543462126314515623412356
64535143246364653162156432651234
61561652656154515643421561324513
545135212515253262435251362564213
21352626453251463546361263516234
631625264314236261342615461321456
651625326431245236251413452613
41456356215352356435364325643125
341246314315351323414235456231456
1364252312316152346231654215634
545313561635425621215243612561324
3245315324646563145362145312456
63126562635132162521462561324615
14265652623165215462132453612345
14345212313415326541623541236
53656315163543256512416251342156
13235263521453162132653264136245
3656146265656132635136145326514
56463623163162346514262345163524
63264516462541645634163513242512346
4153165461461431631564136123456
1342421523454261532615241361245
4361524263541643542124652432156
236342313426314561254634125346
23434264254652421543261364132516
452456153646513251326453254234615
52125142353642316423165413245316
161312145135154253416412361245
625123216146543243513213651426135
2146425163463624123624564351246
316534121632165243542315654213456
4323156252363423624362164521364
515232156146125432412436142631425
26214643513432543625321342354162345
564131461325142164161431563412536
46434613154152636135616421531634215
24265614563253431326325251635214365
34265312313436132431264123642135
6346435143123564243141625312341256
26513461525416563263152614362145
451646126316345146531423561234
16131625141324164214342643563124
1651253241562514216261526312546
354564536152534156453465146315246
41252631231523635251364126543
56452465215416345362136521431526
213613545231426465462541234516234
45313253463516523156153142165214356
2362626314563635263426312463215346
1212364253264325646126352415623
631435341546213543465123451236
3656315426126513651423645236532146
2534216123642365214654326364251
432145141326543243216543621526413
424261324641524625364536524351624
141541631343542351352621362546213
241324321414653654612341563124
12461416214642436412351642361241635
4536436216151624312651642361451236
241424161636463165453561546312456
5215135634241654216242541321456
214213634256121541351265314256
4612534126231262142165312641235
236436141254626156432412645321456
615341343634562515142641462531246
253536323546214635146516534213465
3142635164134234163152643246315624
145151514261652416512432143562
63236253216262564162534152341256
6156325435354623164521431561234
135461621632436526461534123546
45245253264212452314614234521364
14541361245631243265315241562314
261645124126232436214651234645123
42635645612532543215341231645
512343265241645251352635143256
163612132634652346314215364251463
525236164645236153651365243152346
413525614342531423152613654321463
21364263561561431563245461243516
352464535613451316341514652134
62141361246215315361525631425
15265325246161634265431536125346
43135161352561356525343651642153246
216213412324123154132562345612
4262532641352315246324134526
532125625343624631256424361345
4134532514531263416362351423612345
415631326454231624254256143652134
3162451324564624616321241634635214
61536425234264316526135645612345
136264313161245236545263145236
3453516134523135162542615243126
1264253631542564256143125463542136
51324626456152135315642134124561
36165126123563232141625632146
6216414326535634654356341532451263
536541343241352363516356143541236
323626253461423541256213562415236
1656346156251342125314546325641
41345421634132124623461231456
142416263262315162135264132456
65316524162623126514526542315246
13653434646536325614564565324635124
454121431531425313254214362154
5164312353413232562153426314256
62121542464323465246213562453612
65215414561434526352146526134625
32652623652431621453643543612345
6346546541532315234516543213456
53152354645363163425646513214635
63621243154326134254265321456
535623124535261524343513521651342
2514135246252641565142634613524
3643165253515135245632651423156
34246241634632124235615261451326
654252354253131424132562634512
1241262325365123145632162314256
254641535163261454346312436123564
53642431524321365362415213456
3631612624326541513612531425634
6415261512512153421341254123465
26132364312461354315243215321654
125245351214524354235164531246
24353453464364351425612561321456
31246214345424561246534154261345
613631314126425364263651243156234
153262161643641341623264364523146
545352541636354261453562315451326
361232363241323462314236165341256
143543425623416352162456432513426
25325616151314531641263251431256
412621416262612454163616541635214
1365214125143453653451613241356
3525426263612414561541635432613425
46145163454643213245634265413256
41215121624143652162354216241356
351464325143623251642536145236
6354231416135243134245326431256
3136451325342124563154136124356
41653642341365215645234152643215
4214636245264252452156421463524316
43162312562464542345126546325164
63161462653463542514621543612345
36532431616345346236236452612435
31631416264231654534615342613245
565626564643142315254653612452613
16352414616423251545243654132456
4254514656452341646543621541326
5134536542612652436345416214325
52462321461234526156142325124356
6434356131434263524616236425136
16143641253151324251346453146325
412364342534523153125354265341
61546241634124541624512535261345
32654524161315465643235162321456
13646513141625135423516235461
4261346352423162456231453416323456
3531234165453263124321542531246
4652654645643164351243614521634
43541321312563162436163251451623
4325216521252325316431261324632145
413625612312145152364564132156
15621546513451243546214532156234
4515213461235246436135614631542
2545252564635123526131342354563124
53623264235612431632536451642315
4235462154232612545425415263412356
6323525161264234636523461265134
15645253436362316534514265234561
321236245432151363215631634563124
3163631456245624135126413641235
5315646235616252343124631342165
14642513525126415313264521346
343524541643135161354562461451326
32415342414134153452163253146
41256531314354153251652461235
352124154346213436121365145236
451425632434624635261263561263425
12652361436435261352456231546213
5156265416352613652536235415621345
34356264231453123136452356214346215
25151434312562461535215463216245
252164123125346254265326342156
354641241624135621362451613254
2526325165141265256514231546123
641623136124636154362543156415236
365316565146242625232456421356
4631261361246153265245631621643215
2512624561543512462325346135624
6535132362642351265346264531521346
53235262651624162313425312364513246
254325156323653456213563164254136
21524536425162531235123412362415
5253126535463246531432613546123546
2643514243562534641314254231425163
614234325313215651526135412356
3234564143463542125653215624135
4126524656231243514214513426135
2153426154534354625421543625314
24132542462421456532561453162345
352345654156521454563612536425136
424613515315464321546213241631245
135324536316135645324625163234513426
62562361356421653125621432163452
21265434616132546135642561412635
63624162462413521431256252314265
2535214256253656312631564312456
2361215165213165365435624315246
423413613562451352654152413651243
51341251516564364265326124315624
531531563234131463423125612435
32434232326146165313251436524136
345413534361354125361256321436125
656254535353541635231623512346
612126423236413243616426321432546
46245426565646326532346531243156
3163121534262136254121341353614235
531452425136523614351426435213456
324565451624142316243456152432651
243542432143524165241324651421356
4365412134524146325642351243156
51543531414235165462141326564123
326146526312463165423426531241356
64563134635316165125135612342561
53253562324524134521613245651324
141516464563521531625432546135256143
43653161543146254142612325612435216
6434312613654315426536142314526
364612543246124536256132165316245
5465253645152512654535614363125132456
513161614254213261314265346125
51413264341521351421462651314256
65125424143654315612634516341256
651256151613412564521543645123
56265652454216215145261532461325
12632465351561613564234513624
542465134314213524236123461452136
1564631435654614536215243265634215
124364521563563654265162431521364
34234516425454361316253641256134
3515212561345231431261265143253641
324213214161234265316426141356
6161421253612532353451241354612345
2614516232134654621531235156234
42412153654214525641245365261345
451216145314512146452351635621435
1356436315131625425214621523143526
162151246325415246535146524136
421432456452435653462135164531246
1234631546156346346152434124536
625454352314354536126345624135
4524264624356432156315265342651234
42156134641264536152651465143156321
31641313651642636253231256346145236
642415436243614256352463452316
342361361423542531252451641653156324
6256124561521536235642316352146
5656463261532341532364253615234
35451341532312564651436132562314
42514256532131265341624154236
51314526434312563462165314216345
541542521425645265413615432125634
615243235631235216151365432461235
1415432154153235412316215413256
36414563412123426312435461452136
456162136435162151652361543126
36564245241543514231641352136245
142354614352512435241325612345
541246432325613512364613213521436
3452163462524312156546541241614235
3634643413513126416435612415632456
362523143623152162315632651423156
32626215364512631264165345142536
25124123136236125462151652143562
324151512536426541324561642526143
46315462461434216365632546132456
351653562342153416365246156234
5326462565461354623136141452123645
153515462162356234615326413256
3465123561621365416325641632145
653124625454216234236423652143526
165236253426146321436532163524
421351356253421416215613215623145
5632346326212564154124513413645213
543545424143451252465232164325
324364261654543124624512531654213
23646163463264234546213651234
5325424242451452426321532416325
12126545365636236154613243516
346523262164152412462153561234
25356156241621351235614523561423156
2416546412125145236413245361245
515314341323624354634514165432156
14521413242621423161216435612435
43645325252634625125623461523146
5132653413641541361354621314623456
3152532642524161642313645126341526
136426234261632614653212436152134
232142456512146213214312416245621345
61424514563231626521462314256
142514646542625365245215463125
15145251342532546514136145246523146
5236245465212534213635412563124325
342125416121521361546235214541326
51536525623425342635624162351246
251346313414352343452413634162345
412343532146541624532542354641235
412145134213246254263524623146235
4165321361651214563231645162435
2414164245463612312546123514236
53263143542353456232163451352436125
21434125656214361645243542653124
2125432536231543254162456425364125
43634546212645462463213542136
314524161424563254125615364125
642136151254654163523564326451623
1636135212535142546514351614532
61531562521356253164632135246
3426526341634362453453631241362514
52545625636326143615634524136
6461651423426356152421534613245
53154232415243145415213163456453126
35624652436216352132542361436215
2156324543232162546535213426135
4152636121653521651245162413256
51365134621234634613654623415
3565356343164652653562132414325146
154515213414163546265431251436
53464645315451621465161321456
353525616234134615623416243156
6156432534526451612342361523416
353523465242541345626354612543126
146454531423513146241623164235
45241245414125421625135236541256134
21234321426461426534356245615423
634535431262461452615613625132456
613412324142631564563521546341256
562415626145312364256356421564123
43265342351265326432635614524613
1632656536214354351324362635123456
426431214636545216135126452315246
124364653425134626342615643215
6545342415261254231431625612345
1262454613656413625164261523461235
1432626514621416412651256431256
132314351352314635646423132451236
164321412641645436521421365134625
4563153424134623512412354243516
52523463525156154312465315345126
3463612161264543635216531624351426
62654261636216514526312514231465
14165251526421252625613416243516
4234641451654516231623543256453126
361624616563146412563246542613425
23151546213456131243156432156
1415313415345126145315465213456
